iso9_t

 6   -1.123780    0.176874    0.000000
 7   -0.073706   -0.527106    0.000000
 8    1.079996    0.263330   -0.000000
 1   -1.106992    1.263642    0.000000
 1   -2.064257   -0.355990   -0.000000
 1    1.789907   -0.385792    0.000000

E = -169.8842495 au
ZPVE = 0.0444834 au

iso5_cc

 6    0.093887    0.362629   -0.000007
 7    1.154839   -0.309301    0.000001
 8   -1.103189   -0.267718    0.000001
 1    0.024599    1.454549    0.000007
 1   -1.814498    0.379093    0.000010
 1    1.968212    0.297436    0.000014

E = -169.9392489 au
ZPVE = 0.0456256 au

iso8

 6   -1.095093    0.143063   -0.000001
 7    0.228412   -0.515563   -0.000000
 1   -1.628787   -0.223609    0.878567
 1   -1.628800   -0.223628   -0.878552
 1   -1.006897    1.228847   -0.000011
 8    1.154520    0.246119   -0.000000

E = -169.8623319 au
ZPVE = 0.0430689 au

iso5_tt

 6    0.000000    0.439797   -0.000000
 7    1.219555    0.128114    0.000000
 8   -1.097614   -0.356542   -0.000000
 1   -0.306319    1.481454   -0.000000
 1    1.383636   -0.879273    0.000000
 1   -0.833290   -1.285427   -0.000000

E = -169.9417549 au
ZPVE = 0.0457111 au

iso6

 6    0.688764   -0.329499    0.017285
 7   -0.728134   -0.449174   -0.160875
 8   -0.039521    0.860051    0.020631
 1    1.135066   -0.613918    0.966774
 1   -1.145201   -0.623682    0.755800
 1    1.290662   -0.521601   -0.865208

E = -169.8498477 au
ZPVE = 0.0456547 au

iso7

 6   -0.000000    0.578725    0.000000
 7    0.952368   -0.230680    0.000000
 8   -0.810745   -0.438096   -0.000000
 1   -0.180614    1.647177    0.000000

E = -168.6045734 au
ZPVE = 0.0198936 au

iso3_HCNO_c

 6    0.170923    0.211331   -0.093684
 7    1.251120   -0.073212    0.054906
 8   -1.006280   -0.152185   -0.013190
 1   -1.733135    0.461978    0.283281

E = -168.6045734 au
ZPVE = 0.0198936 au

iso3_HCNO_c16v

 6    0.000000    0.000000   -1.175285
 1    0.000000    0.000000   -2.234984
 7    0.000000    0.000000   -0.020547
 8    0.000000    0.000000    1.178815

E = -168.6415802 au
ZPVE = 0.0199038 au

iso9_c

 6    1.115343   -0.044640   -0.000000
 7    0.000000    0.552661   -0.000000
 8   -1.130403   -0.233525    0.000000
 1    1.216769   -1.132052   -0.000000
 1    2.004078    0.570737   -0.000000
 1   -0.869678   -1.171271    0.000000

E = -169.8764062 au
ZPVE = 0.0439632 au

iso3_HOCN

 8   -0.128976   -1.108408   -0.000000
 6   -0.000000    0.180517    0.000000
 7    0.042576    1.332736    0.000000
 1    0.733776   -1.544989    0.000000

E = -168.7062674 au
ZPVE = 0.0215535 au

iso5_ct

 6    0.000000    0.418884   -0.000000
 7   -1.230030    0.174482    0.000000
 8    0.977185   -0.529560    0.000000
 1    0.361948    1.446102   -0.000000
 1   -1.415519   -0.828942    0.000000
 1    1.846297   -0.115356   -0.000000

E = -169.9414482 au
ZPVE = 0.045573 au

iso4

 6   -0.162032    0.385923    0.000012
 8   -1.192839   -0.245812   -0.000004
 1   -0.139875    1.489818   -0.000021
 7    1.081134   -0.157210   -0.000001
 1    1.902616    0.420445   -0.000011
 1    1.184224   -1.158839    0.000002

E = -169.9670722 au
ZPVE = 0.0452751 au

iso5_tc

 6    0.092775    0.405437   -0.000002
 7    1.107616   -0.341578   -0.000000
 8   -1.158051   -0.084794    0.000001
 1    0.074141    1.494427    0.000002
 1   -1.089385   -1.051173   -0.000000
 1    1.969686    0.193523    0.000003

E = -169.9474121 au
ZPVE = 0.0460056 au

