TS_tf1

 8   -1.159426    0.062153    0.023102
 1   -1.077934    1.038211    0.062813
 6    0.028204   -0.512642   -0.095280
 7    1.151394    0.180385   -0.064084
 1    1.078191    1.185798    0.197131
 1    1.046166   -0.908080    0.575504

E = -169.8215473 au
ZPVE = 0.0385016 au

TS_t1_to_c1

 8    1.134372    0.134103   -0.110618
 1    1.405635    0.510609    0.735098
 6   -0.016077   -0.625231    0.030198
 7   -1.059977    0.173197    0.004017
 1   -0.982196    1.184211   -0.114558
 1   -1.982117   -0.228644    0.055103

E = -169.8809536 au
ZPVE = 0.0433915 au

TS_3a_to_t2

 7   -1.011588    1.514720   -0.000000
 6    0.000000    0.703790    0.000000
 1   -1.980145    1.224974   -0.000000
 8    1.086010    1.380613    0.000000
 6   -0.087597   -0.806272   -0.000000
 8   -1.136838   -1.389699   -0.000000
 8    1.114657   -1.383328    0.000000
 1    0.981148   -2.343104    0.000000
 1    0.095061    2.269299    0.000000

E = -358.5295194 au
ZPVE = 0.0557261 au

TS_14_to_4

 6   -0.000000    0.685116    0.000000
 6    0.059258   -0.877244    0.000000
 7    1.072124    1.419316    0.000000
 1    1.948792    0.912284    0.000000
 1    1.054247    2.427435    0.000000
 8   -1.192628    1.136089    0.000000
 8    1.169426   -1.387207    0.000000
 8   -1.125108   -1.289774    0.000000
 1   -1.676969    0.204977    0.000000

E = -358.5295194 au
ZPVE = 0.0557261 au

TS_t1CO2_to_c1CO2

 6    1.185716   -0.215527   -0.009939
 7    1.433737    1.072265   -0.000462
 8    2.373316   -0.918753   -0.095032
 1    0.652702    1.710641    0.016207
 1    2.376811    1.456375   -0.057275
 1    2.783464   -1.016768    0.772415
 6   -1.880591   -0.054676    0.003436
 8   -1.666010    1.088878    0.012034
 8   -2.167292   -1.174485   -0.003138

E = -358.5464388 au
ZPVE = 0.0562246 au

TS_tf2

 8    1.084198   -0.248123    0.036816
 1    1.849156    0.334820   -0.015447
 6   -0.029086    0.490561   -0.108051
 7   -1.178048   -0.152468   -0.061100
 1   -1.110428   -1.154069    0.196229
 1   -0.991458    0.928144    0.600699

E = -169.8272805 au
ZPVE = 0.0393711 au

TS_tf3

 8   -1.149493    0.288832    0.000000
 6   -0.079672   -0.470537    0.000000
 7    1.110488    0.107627    0.000000
 1    1.175000    1.122397   -0.000000
 1    1.952453   -0.439341   -0.000000
 1   -1.226895   -0.923874   -0.000000

E = -169.8463348 au
ZPVE = 0.0393411 au

TS_t2_to_c2

 8    1.051522    1.401683    0.130580
 6   -0.741892   -0.214357    0.001536
 6    0.741394    0.239206    0.003239
 7    1.593194   -0.800785   -0.117797
 8   -1.620727    0.788926   -0.228575
 8   -1.055070   -1.359103    0.150555
 1    1.239103   -1.742041   -0.130898
 1    2.583323   -0.631939   -0.070528
 1   -1.977598    1.178336    0.576872

E = -358.5922733 au
ZPVE = 0.0591957 au

TS_3b_to_c2

 7   -0.893497    1.603760    0.000000
 6   -0.000000    0.674197    0.000000
 1   -1.890859    1.438718    0.000000
 6   -0.178176   -0.830751    0.000000
 8    1.172199    1.215592    0.000000
 8   -1.252251   -1.354375    0.000000
 8    0.978883   -1.496423    0.000000
 1    0.312519    2.214488    0.000000
 1    1.711216   -0.858551    0.000000

E = -358.531635 au
ZPVE = 0.0559131 au

