3k

 7    1.169771    1.284257   -0.000330
 1    0.815191   -1.767584   -0.000233
 8    1.447831   -1.027411    0.000544
 6    0.735145    0.098664   -0.000406
 1    2.185185    1.346405    0.000134
 6   -0.770382   -0.121452   -0.000264
 8   -1.228733   -1.234378   -0.000242
 8   -1.485164    0.991168    0.000414
 1   -0.848826    1.733065    0.000706

E = -358.5957761 au
ZPVE = 0.0617951 au

3l

 7   -1.085408    1.392471    0.000000
 1    1.259598    2.179978    0.000000
 8    1.267586    1.215632    0.000000
 6   -0.000000    0.750919    0.000000
 1   -0.958444    2.404396    0.000000
 6    0.007977   -0.771892    0.000000
 8    1.010414   -1.429601    0.000000
 8   -1.230083   -1.281212    0.000000
 1   -1.134489   -2.244391    0.000000

E = -358.5783534 au
ZPVE = 0.0607015 au

3e

 7   -0.932260    1.546125    0.000000
 1    1.286762    2.162382    0.000000
 8    1.319861    1.195563    0.000000
 6    0.053838    0.759614    0.000000
 1   -1.813540    1.043326    0.000000
 6    0.000000   -0.760992    0.000000
 8    0.954115   -1.481739    0.000000
 8   -1.276376   -1.195966    0.000000
 1   -1.251229   -2.163177    0.000000

E = -358.5866607 au
ZPVE = 0.0612575 au

3b

 7    1.460918    1.145546    0.000130
 6    0.735664    0.122382    0.000664
 1    0.887646    1.986657   -0.000075
 6   -0.791145    0.121066    0.000171
 8    1.246171   -1.132278   -0.000340
 8   -1.415375    1.140461   -0.000427
 8   -1.368758   -1.086211    0.000140
 1    2.211266   -1.066795   -0.001336
 1   -0.688747   -1.775151    0.000506

E = -358.5881777 au
ZPVE = 0.0612895 au

3p

 7   -1.147631    1.253457    0.000000
 1    1.133561    2.249429    0.000000
 8    1.210419    1.287598    0.000000
 6    0.000000    0.719546    0.000000
 1   -1.158048    2.270754    0.000000
 6    0.073869   -0.811261   -0.000000
 8    1.099972   -1.421554   -0.000000
 8   -1.134559   -1.377016   -0.000000
 1   -1.791971   -0.656321   -0.000000

E = -358.5838114 au
ZPVE = 0.061193 au

3c

 7    1.364678    1.254468   -0.000227
 1    0.820208   -1.727535    0.000182
 8    1.460326   -0.995921    0.000251
 6    0.766230    0.142035    0.000003
 1    0.753385    2.063282   -0.000435
 6   -0.745660   -0.135067   -0.000038
 8   -1.144262   -1.268088   -0.000271
 8   -1.583823    0.901592    0.000212
 1   -1.107690    1.740505    0.000512

E = -358.5789172 au
ZPVE = 0.0608522 au

3d

 7   -1.446796    1.147061   -0.242853
 1   -0.949608   -1.582415    0.888367
 8   -1.366823   -1.081982    0.177470
 6   -0.758725    0.131738    0.009941
 1   -0.840982    1.951719   -0.393729
 6    0.770304    0.127788    0.031828
 8    1.413231    1.103240    0.276763
 8    1.349049   -1.054709   -0.263932
 1    0.685031   -1.688278   -0.567692

E = -358.5712753 au
ZPVE = 0.0605249 au

3m

 7    1.386872    1.200246    0.000049
 1    2.152199   -1.177551   -0.000706
 8    1.188140   -1.156135    0.000102
 6    0.727507    0.133680   -0.000086
 1    2.396890    1.066137    0.000134
 6   -0.806108    0.159903   -0.000010
 8   -1.434077    1.170768   -0.000017
 8   -1.388011   -1.052852    0.000004
 1   -0.714001   -1.746053    0.000096

E = -358.5753888 au
ZPVE = 0.0605126 au

aldehyde

 6    0.000000    0.418768   -0.000000
 8   -1.194948    0.234940   -0.000000
 7    0.935914   -0.563447    0.000000
 1    0.447925    1.427995   -0.000000
 1    0.643223   -1.526956    0.000000
 1    1.917042   -0.349032    0.000000

E = -169.9670722 au
ZPVE = 0.045276 au

3j

 7   -1.117005    1.330551    0.000000
 1    1.860529    0.572784   -0.000000
 8    1.210972    1.298290    0.000000
 6   -0.000000    0.741843    0.000000
 1   -1.043726    2.345159    0.000000
 6    0.017792   -0.779673   -0.000000
 8    1.059798   -1.381719   -0.000000
 8   -1.179958   -1.340705   -0.000000
 1   -1.831021   -0.611748    0.000000

E = -358.5957769 au
ZPVE = 0.0617941 au

Aminohydroxymethan

 6   -0.039521    0.537131    0.015858
 8   -1.219200   -0.240268    0.053848
 1   -1.123709   -0.929439   -0.612851
 7    1.131059   -0.313652   -0.052998
 1   -0.093182    1.163777    0.910319
 1   -0.023454    1.191110   -0.862559
 1    1.381277   -0.697389    0.849304
 1    1.932385    0.166867   -0.439159

E = -171.1553841 au
ZPVE = 0.0692678 au

c1

 8   -1.157566   -0.036205    0.000000
 1   -1.077520   -1.015019    0.000000
 6   -0.000000    0.612001    0.000000
 7    1.052325   -0.194379   -0.000000
 1    0.999157   -1.216046   -0.000000
 1    1.972621    0.209352   -0.000000

E = -169.8975099 au
ZPVE = 0.0444315 au

t2

 8   -1.090945    1.408119    0.000000
 6   -0.053054    0.789515    0.000000
 6    0.000000   -0.757767    0.000000
 8   -1.214059   -1.301440    0.000000
 8    1.031271   -1.380139    0.000000
 7    1.188846    1.318342    0.000000
 1    1.993620    0.714885    0.000000
 1    1.296640    2.317629    0.000000
 1   -1.103995   -2.263723    0.000000

E = -358.6104425 au
ZPVE = 0.0610637 au

t1_co2

 6   -0.000000    1.197212    0.000000
 7    1.316249    1.288611   -0.000000
 8   -0.515946    2.439311    0.000000
 1    1.853161    0.438810   -0.000000
 1    1.812433    2.176076   -0.000000
 1   -1.472499    2.354086    0.000000
 6   -0.333837   -1.820649    0.000000
 8    0.828662   -1.820319   -0.000000
 8   -1.488193   -1.900070    0.000000

E = -358.5720969 au
ZPVE = 0.0584792 au

3o

 7    1.469902   -1.133300   -0.000705
 1    0.554690    1.815272    0.001463
 8    1.275136    1.172134    0.000448
 6    0.775333   -0.085893    0.000351
 1    2.465484   -0.914537   -0.000982
 6   -0.742133   -0.205507    0.000141
 8   -1.367036   -1.219628    0.000608
 8   -1.312564    1.030820   -0.000760
 1   -2.272968    0.914163   -0.000864

E = -358.5825086 au
ZPVE = 0.0608502 au

3h

 7   -1.312442    1.152472   -0.405116
 6   -0.731336    0.094799   -0.025531
 6    0.772747   -0.168001   -0.036530
 8    1.255780   -1.180875   -0.435360
 8   -1.411421   -0.971457    0.402753
 8    1.529143    0.865842    0.390581
 1   -0.673005    1.864692   -0.743260
 1   -2.355051   -0.767302    0.325710
 1    0.978661    1.566433    0.761935

E = -358.5775149 au
ZPVE = 0.0609304 au

3a

 7   -1.325192    1.294078   -0.000000
 6   -0.192748    0.743725   -0.000000
 1   -2.062781    0.593605    0.000000
 8    0.954913    1.439410   -0.000000
 1    0.719234    2.377501   -0.000000
 6   -0.000000   -0.764935    0.000000
 8   -0.929488   -1.525851    0.000000
 8    1.283655   -1.138030    0.000000
 1    1.303734   -2.106615    0.000000

E = -358.5883387 au
ZPVE = 0.0613291 au

3f

 7   -1.018353   -1.542770   -0.000000
 1    1.863081   -0.560934    0.000000
 8    1.237111   -1.301128    0.000000
 6   -0.003591   -0.796629   -0.000000
 1   -1.871969   -0.993579   -0.000000
 6   -0.000000    0.724389    0.000000
 8    1.022739    1.361603    0.000000
 8   -1.223662    1.259984   -0.000000
 1   -1.130598    2.223674   -0.000000

E = -358.5875464 au
ZPVE = 0.0615358 au

3g

 7   -1.404606    1.254584    0.000000
 1    1.639988    1.010703   -0.000000
 8    0.841036    1.550352    0.000000
 6   -0.248356    0.760808    0.000000
 1   -2.099045    0.511212    0.000000
 6    0.000000   -0.742638   -0.000000
 8   -0.866091   -1.568280   -0.000000
 8    1.320130   -1.034072   -0.000000
 1    1.420833   -1.997017   -0.000000

E = -358.5846074 au
ZPVE = 0.0611949 au

3i

 7   -1.389842    1.133518   -0.321850
 1   -2.181248   -1.141256    0.285833
 8   -1.216322   -1.137199    0.311924
 6   -0.752983    0.093047   -0.013144
 1   -2.400718    1.004456   -0.330873
 6    0.767938    0.148741    0.028013
 8    1.393422    1.119754    0.336482
 8    1.315909   -1.024652   -0.335001
 1    2.277062   -0.911772   -0.298457

E = -358.5771032 au
ZPVE = 0.0605886 au

3n

 7   -1.138003    1.403792    0.000000
 1    1.828086    0.590532    0.000000
 8    1.182811    1.317109    0.000000
 6   -0.048331    0.773823    0.000000
 1   -0.982127    2.411451    0.000000
 6   -0.000000   -0.741716   -0.000000
 8    1.059824   -1.323375   -0.000000
 8   -1.186826   -1.334910   -0.000000
 1   -1.036424   -2.291766   -0.000000

E = -358.5887231 au
ZPVE = 0.0613822 au

c1_co2

 6    0.000000    1.221154   -0.000000
 7    1.322823    1.222688   -0.000000
 8   -0.540715    2.432243   -0.000000
 1    1.799520    0.335909    0.000000
 1    1.902582    2.063892   -0.000000
 1    0.108508    3.167225   -0.000000
 6   -0.401110   -1.833537    0.000000
 8    0.762238   -1.828791    0.000000
 8   -1.554487   -1.909895    0.000000

E = -358.5629264 au
ZPVE = 0.0573163 au

c2

 8    1.066880    1.339909    0.000000
 6   -0.000000    0.749609    0.000000
 6   -0.010995   -0.796866   -0.000000
 8    1.217833   -1.295413   -0.000000
 8   -1.016740   -1.450215   -0.000000
 7   -1.221338    1.296032    0.000000
 1   -2.027774    0.692822    0.000000
 1   -1.327839    2.295998    0.000000
 1    1.827165   -0.531759   -0.000000

E = -358.6170602 au
ZPVE = 0.0616047 au

2c

 8   -1.440499    1.133378    0.000000
 6    0.000000   -0.778776   -0.000000
 6   -0.299586    0.742782    0.000000
 7    0.797579    1.536194    0.000000
 8    1.330856   -1.039678   -0.000000
 8   -0.842549   -1.621394   -0.000000
 1    1.725395    1.152256   -0.000000
 1    0.666625    2.533747    0.000000
 1    1.439980   -2.001846   -0.000000

E = -358.6065497 au
ZPVE = 0.0606961 au

t1

 8    1.083476   -0.210474   -0.000000
 1    1.857586    0.357331   -0.000000
 6   -0.000000    0.590528   -0.000000
 7   -1.073850   -0.181236    0.000000
 1   -1.028302   -1.197854    0.000000
 1   -1.980144    0.249802    0.000000

E = -169.9066293 au
ZPVE = 0.0456975 au

2d

 7    1.297527    1.198891    0.000000
 6   -0.000000    0.775449    0.000000
 8   -0.930515    1.538302    0.000000
 6   -0.283957   -0.762499   -0.000000
 8    0.760155   -1.629821   -0.000000
 8   -1.399588   -1.168210   -0.000000
 1    1.619245   -1.201318   -0.000000
 1    1.449624    2.194773    0.000000
 1    2.111774    0.614437    0.000000

E = -358.5889479 au
ZPVE = 0.0593135 au

